     0/299     21.9G   0.03238   0.02513   0.01166   0.06917        77      1280    0.8278    0.3179    0.3285    0.2378    0.0172   0.01932   0.00909
     1/299     23.4G   0.02547   0.02064  0.005916   0.05202        44      1280    0.8597     0.346    0.3967    0.2861   0.01681   0.01832  0.006969
     2/299     23.4G   0.02435   0.02092  0.005367   0.05063         9      1280     0.806    0.3818    0.4396    0.3066   0.01934   0.01977  0.006432
     3/299     23.4G   0.02249   0.02058  0.004906   0.04798        45      1280    0.6817    0.4266    0.4531    0.3028    0.0228   0.02326   0.00625
     4/299     23.4G   0.02108   0.01967  0.004413   0.04516         5      1280    0.7401    0.4213    0.4579    0.3042   0.02379   0.02476  0.005844
     5/299     23.4G   0.02049    0.0194  0.004167   0.04406        24      1280    0.6547    0.4698    0.4787    0.3246   0.02313   0.02382  0.005396
     6/299     23.4G   0.02025   0.01928  0.004079   0.04361        28      1280    0.6489    0.4998    0.4974    0.3436   0.02182   0.02235  0.005022
     7/299     23.4G   0.01982   0.01886  0.003873   0.04255        12      1280    0.6105    0.5191    0.5181     0.363   0.02034   0.02072  0.004599
     8/299     23.4G   0.01962   0.01872  0.003799   0.04215        20      1280    0.6308    0.5461    0.5426     0.385     0.019   0.01946  0.004257
     9/299     23.4G   0.01956   0.01875  0.003739   0.04205        19      1280    0.6559    0.5609    0.5673    0.4064   0.01792    0.0186  0.003986
    10/299     23.4G   0.01939   0.01855  0.003663    0.0416         3      1280    0.6797    0.5755    0.5928    0.4276   0.01703   0.01791  0.003751
    11/299     21.9G   0.01932   0.01866   0.00365   0.04163        57      1280    0.7025    0.5826    0.6092    0.4419    0.0164   0.01752  0.003579
    12/299     23.3G   0.01921   0.01856  0.003591   0.04136        44      1280    0.6793    0.5939    0.6205    0.4517   0.01588   0.01725  0.003459
    13/299     21.9G   0.01907   0.01842  0.003525   0.04101        37      1280    0.6224    0.6323    0.6345     0.463    0.0154   0.01706  0.003351
    14/299     21.9G     0.019    0.0184  0.003502   0.04091        57      1280    0.6973    0.6277     0.646    0.4718   0.01511   0.01692  0.003282
    15/299     23.3G   0.01896   0.01832  0.003486   0.04077        41      1280    0.7591    0.6027     0.656    0.4799    0.0149   0.01685  0.003223
    16/299     23.3G   0.01893    0.0183  0.003483   0.04072         5      1280     0.748    0.6259    0.6679      0.49   0.01474   0.01683   0.00317
    17/299     23.3G    0.0189   0.01831  0.003453   0.04067        55      1280    0.7313    0.6377     0.675    0.4946   0.01462    0.0169  0.003134
    18/299     23.3G   0.01884   0.01822  0.003436   0.04049         7      1280    0.7577    0.6318    0.6801    0.4986   0.01451   0.01688  0.003085
    19/299     23.3G   0.01875   0.01821  0.003394   0.04036        19      1280    0.7594    0.6377    0.6851    0.5022   0.01443   0.01684  0.003037
    20/299     23.3G   0.01874   0.01818  0.003391   0.04031        28      1280    0.7538    0.6464    0.6901    0.5054   0.01437    0.0168  0.002996
    21/299     23.3G   0.01875    0.0182  0.003397   0.04034        13      1280    0.7692     0.642    0.6913    0.5075   0.01433   0.01678  0.002978
    22/299     23.3G   0.01865   0.01808  0.003353   0.04008        23      1280    0.8015    0.6257    0.6939    0.5092    0.0143   0.01679  0.002941
    23/299     23.3G   0.01858    0.0181  0.003321   0.04001        23      1280    0.7852    0.6369    0.6963     0.511   0.01427   0.01674  0.002909
    24/299     23.3G   0.01862   0.01809  0.003331   0.04005         4      1280    0.7717    0.6448    0.6969    0.5121   0.01426   0.01697  0.002914
    25/299     23.3G   0.01854    0.0181   0.00329   0.03993        74      1280    0.7747    0.6514     0.701     0.515   0.01424   0.01694  0.002883
    26/299     23.3G   0.01852   0.01807  0.003287   0.03989        15      1280    0.7596    0.6577    0.6975    0.5128   0.01423   0.01717   0.00288
